    PROTONS         1.007276      1     .01354         0.05      11.0
   DEUTERONS        2.013553      1     .01354         0.05      11.0
    HELIUM-3        3.015481      1     .01354         0.05      11.0
    HELIUM-3        3.014933      2     .01354         0.05      16.0
    ALPHAS          4.002054      1     .01354         0.05      11.0
    ALPHAS          4.001506      2     .01354         0.05      16.0
    LITHIUM-6       6.014573      1     .01354         0.05       9.0
    LITHIUM-6       6.014024      2     .01354         0.05      14.0
    LITHIUM-6       6.013476      3     .01354         0.05      18.0
    LITHIUM-7       7.015454      1     .01354         0.05       9.0
    LITHIUM-7       7.014906      2     .01354         0.05      15.0
    LITHIUM-7       7.014357      3     .01354         0.05      18.0
    BORON-10        10.012251     1     .01354         0.05       9.0
    BORON-10        10.011566     2     .01354         0.05      14.0
    BORON-10        10.010880     3     .01354         0.05      18.0
    BORON-10        10.010195     3     .01354         0.05      23.0
    BORON-11        11.008620     1     .01354         0.05       9.0
    BORON-11        11.007935     2     .01354         0.05      14.0
    BORON-11        11.007249     3     .01354         0.05      18.0
    BORON-11        11.006563     4     .01354         0.05      23.0
    CARBON-12       11.999452     1     .01354         0.05       9.0
    CARBON-12       11.998903     2     .01354         0.05      14.0
    CARBON-12       11.998355     3     .01354         0.05      18.0
    CARBON-12       11.997806     4     .01354         0.05      23.0
    CARBON-12       11.997258     5     .01354         0.05      27.0
    CARBON-12       11.996710     6     .01354         0.05      32.0
    CARBON-13       13.002806     1     .01354         0.05       9.0
    CARBON-13       13.002258     2     .01354         0.05      14.0
    CARBON-13       13.001710     3     .01354         0.05      18.0
    CARBON-13       13.001161     4     .01354         0.05      23.0
    CARBON-13       13.000613     5     .01354         0.05      27.0
    CARBON-13       13.000064     6     .01354         0.05      32.0
   NITROGEN-14      14.003074     1     .01354         0.05      11.0
   NITROGEN-14      14.002525     2     .01354         0.05      16.0
   NITROGEN-14      14.001976     3     .01354         0.05      21.0
   NITROGEN-14      14.001169     4     .01354         0.05      26.0
   NITROGEN-15      14.999416     1     .01354         0.05      11.0
   NITROGEN-15      14.998686     2     .01354         0.05      16.0
   NITROGEN-15      14.997811     3     .01354         0.05      21.0
   NITROGEN-15      14.997082     4     .01354         0.05      26.0
    OXYGEN-16       15.994365     1     .01354         0.05      11.0
    OXYGEN-16       15.993816     2     .01354         0.05      16.0
    OXYGEN-16       15.993267     3     .01354         0.05      21.0
    OXYGEN-16       15.992718     4     .01354         0.05      26.0
    OXYGEN-16       15.992169     5     .01354         0.05      31.0
    OXYGEN-16       15.991620     6     .01354         0.05      36.0
    OXYGEN-16       15.991071     7     .01354         0.05      41.0
    OXYGEN-16       15.990522     8     .01354         0.05      46.0
   ALUMINUM-27      26.980989     1     .01354         0.05      11.0
   ALUMINUM-27      26.980441     2     .01354         0.05      16.0
   ALUMINUM-27      26.979892     3     .01354         0.05      21.0
   ALUMINUM-27      26.979344     4     .01354         0.05      26.0
   ALUMINUM-27      26.978795     5     .01354         0.05      31.0
   ALUMINUM-27      26.978247     6     .01354         0.05      36.0
   ALUMINUM-27      26.977698     7     .01354         0.05      41.0
   ALUMINUM-27      26.977149     8     .01354         0.05      46.0
   ALUMINUM-27      26.976601     9     .01354         0.05      51.0
   ALUMINUM-27      26.976052    10     .01354         0.05      56.0
   ALUMINUM-27      26.975504    11     .01354         0.05      61.0
   ALUMINUM-27      26.974955    12     .01354         0.05      66.0
   ALUMINUM-27      26.974406    13     .01354         0.05      71.0
   SILICON-28       27.976378     1     .01354         0.05      11.0
   SILICON-28       27.975829     2     .01354         0.05      16.0
   SILICON-28       27.975281     3     .01354         0.05      21.0
   SILICON-28       27.974732     4     .01354         0.05      26.0
   SILICON-28       27.974184     5     .01354         0.05      31.0
   SILICON-28       27.973635     6     .01354         0.05      36.0
   SILICON-28       27.973086     7     .01354         0.05      41.0
   SILICON-28       27.972538     8     .01354         0.05      46.0
   SILICON-28       27.971989     9     .01354         0.05      51.0
   SILICON-28       27.971441    10     .01354         0.05      56.0
   SILICON-28       27.970892    11     .01354         0.05      61.0
   SILICON-28       27.970344    12     .01354         0.05      66.0
   SILICON-28       27.969795    13     .01354         0.05      71.0
   SILICON-28       27.969246    14     .01354         0.05      75.0

